x log_normal gamma weibull
0.25 0.004765582847507863 0.013304064034271324 0.013303293182886146
0.5 0.022032908410289983 0.03876965504848477 0.04669458098013571
0.75 0.03569184542395182 0.044142630449062706 0.04798889826028208
1.0 0.043488742647504706 0.046082625123974395 0.047594192511248565
1.25 0.04701046492749912 0.04641011580306704 0.04648035151211476
1.5 0.04781813628367415 0.04582446208841767 0.04498955236795554
1.75 0.04699588582266867 0.044682098960578676 0.04328857023568902
2.0 0.04523952314372938 0.04319198473413725 0.04147267065315907
2.25 0.04298457552027559 0.04148703848391787 0.039601500264861714
2.5 0.040500586745521386 0.039656238777261564 0.03771456967857005
2.75 0.037952590296111706 0.037761121011237284 0.03583897212478098
3.0 0.035439882965999044 0.03584510263397662 0.033993648965875665
3.25 0.03302033323678873 0.0339391412749229 0.03219193663543143
3.5 0.030725674115261732 0.03206536025858993 0.030443181832262516
3.75 0.028571187791066276 0.030239473613146838 0.02875381616118854
4.0 0.026561881112055673 0.02847246477196372 0.027128099413437787
4.25 0.024696446011120712 0.026771781378536745 0.025568650218871322
4.5 0.022969808619808033 0.025142205138174684 0.024076834897106766
4.75 0.021374771164370514 0.023586496912312998 0.022653058583599405
5.0 0.019903066153981002 0.022105882413257696 0.021296987078445746
5.25 0.018546027472968445 0.020700422409546167 0.020007718372284593
5.5 0.017295010671558052 0.01936929771057435 0.01878391683691304
5.75 0.01614164872900046 0.018111030270442717 0.01762391920337239
6.0 0.015077999967956165 0.016923655756873067 0.01652581887877724
6.25 0.01409662558061684 0.015804858815140467 0.015487533400506213
6.5 0.013190621636023091 0.014752079373048 0.014506858605519537
6.75 0.012353622123771835 0.013762596275256686 0.013581512225169299
7.0 0.011579784061599652 0.01283359304284748 0.012709168988374495
7.25 0.010863761998358508 0.011962209455417181 0.01188748885453215
7.5 0.01020067676171287 0.011145581833455312 0.011114139652935142
7.75 0.00958608162777887 0.010380874279879975 0.010386815144545722
8.0 0.009015927961863191 0.009665302667112853 0.009703249321864126
8.25 0.008486531618721446 0.008996152791704435 0.009061227607339989
8.5 0.00799454087910016 0.008370793834977894 0.008458595488948936
8.75 0.007536906357115318 0.007786688045693024 0.007893265035028794
9.0 0.007110853086308678 0.007241397384880693 0.007363219653283015
9.25 0.006713854844284512 0.006732587733056867 0.006866517396619562
9.5 0.00634361068155796 0.006258031147982147 0.006401293067921715
9.75 0.005998023562420781 0.005815606570935547 0.00596575933446813
10.0 0.005675180992412738 0.005403299306504038 0.005558207028647857
10.25 0.00537333749022923 0.005019199541603493 0.005177004783399882
10.5 0.005090898755989132 0.004661500121090524 0.004820598127319654
10.75 0.004826407388878492 0.00432849375774953 0.004487508144733669
11.0 0.004578530012636064 0.004018569821956223 0.004176329789550462
11.25 0.004346045675359918 0.003730210829589478 0.0038857299277971205
11.5 0.004127835399478513 0.003461988724723898 0.0036144451719997174
11.75 0.0039228727676386054 0.003212561035432086 0.0033612795606045177
12.0 0.003730215440190799 0.0029806669659726026 0.003125102127172264
12.25 0.003548997509569275 0.0027651234761809293 0.002904844396871433
12.5 0.0033784226059665762 0.002564821388565659 0.002699497841651621
12.75 0.003217757677187922 0.0023787215550717476 0.0025081113202325583
13.0 0.0030663273733843406 0.0022058511084056855 0.0023297885245623256
13.25 0.002923508974501168 0.0020452998169754257 0.0021636854505675484
13.5 0.002788727804755231 0.0018962165576762659 0.0020090079077435103
13.75 0.0026614530843026094 0.0017578059167833032 0.0018650090793336268
14.0 0.002541194173520739 0.0016293249259509042 0.0017309871424578014
14.25 0.0024274971700489387 0.0015100799376529877 0.0016062829555105217
14.5 0.002319941822957123 0.0013994236422273816 0.0014902778184131898
14.75 0.0022181387321889537 0.0012967522269314875 0.0013823913098293171
15.0 0.0021217268047970784 0.0012015026760070326 0.0012820792042001058
15.25 0.0020303709424951133 0.0011131502096314218 0.0011888314704006954
15.5 0.0019437599377317585 0.001031205858754354 0.0011021703529275652
15.75 0.0018616045578814535 0.0009552141721404936 0.0010216485357824178
16.0 0.0017836357992748286 0.0008847510514282871 0.0009468473885974345
16.25 0.0017096032946892798 0.0008194217096428612 0.0008773752940341254
16.5 0.0016392738596108492 0.0007588587483433936 0.0008128660550682126
16.75 0.0015724301640859379 0.0007027203484220832 0.0007529773804331805
17.0 0.001508869518325903 0.0006506885694859157 0.0006973894462241689
17.25 0.0014484027614269975 0.0006024677527294019 0.0006458035314520753
17.5 0.00139085324363916 0.0005577830222343483 0.0005979407251765149
17.75 0.0013360558935734776 0.0005163788797012979 0.0005535407027284487
18.0 0.0012838563625932327 0.00047801788771811827 0.000512360568452302
18.25 0.001234110239397827 0.0004424794367970992 0.00047417376234776574
18.5 0.0011866823284932266 0.0004095585915569311 0.000438769027968336
18.75 0.0011414459868552625 0.0003790650115850911 0.0004059494389327568
19.0 0.0010982825136413297 0.0003508219426852879 0.0003755314814232802
19.25 0.0010570805882984635 0.0003246652743903402 0.0003473441900778297
19.5 0.0010177357528579083 0.00030044265980030217 0.00032122833472897046
19.75 0.0009801499346032416 0.0002780126939865364 0.00029703565549875306
20.0 0.0009442310056560564 0.0002572441473828351 0.00027462814382280394
20.25 0.0009098923763442238 0.00023801525076314276 0.00025387736704785084
20.5 0.0008770526195067938 0.00022021302858066152 0.0002346638343225452
20.75 0.0008456351231499703 0.00020373267761422673 0.0002168764015807269
21.0 0.0008155677691033872 0.00018847698803403884 0.0002004117134980228
21.25 0.0007867826355377496 0.00017435580415961786 0.00018517368038590724
21.5 0.0007592157213962376 0.0001612855223377734 0.0001710729880713022
21.75 0.0007328066909649127 0.0001491886235172044 0.0001580266388937161
22.0 0.000707498636963746 0.00013799323823887063 0.00014595752203530528
22.25 0.0006832378606814087 0.00012763274189745338 0.00013479401148153576
22.5 0.00065997366780512 0.00011804537825900929 0.00012446958999100735
22.75 0.00063765817871303 0.00010917390934338556 0.00011492249753209027
23.0 0.0006162461521020226 0.00010096528989719165 0.0001060954027210997
23.25 0.0005956948209194619 9.337036479423924e-05 9.793509587158296e-05
23.5 0.000575963739654315 8.634358780554009e-05 9.039220233674633e-05
23.75 0.0005570146421220969 7.984276028035777e-05 8.342091489702149e-05
24.0 0.0005388113089499243 7.382878837365404e-05 7.697874401214628e-05
24.25 0.0005213194440333995 6.826545754375325e-05 7.102628482190362e-05
24.5 0.0005045065592966362 6.31192231273973e-05 6.552699984176814e-05
24.75 0.000488341867141077 5.835901587778989e-05 6.044701635916686e-05
25.0 0.0004727961800182827 5.395606142496444e-05 5.5754937592890156e-05
25.25 0.0004578418166071415 4.988371268707067e-05 5.142166673240361e-05
25.5 0.0004434525141172407 4.611729432618967e-05 4.742024302547623e-05
25.75 0.000429603346277931 4.263395840326064e-05 4.3725689131696564e-05
26.0 0.00041627064660713404 3.941255044386293e-05 4.031486900616136e-05
26.25 0.00040343193658556946 3.643348518012878e-05 3.716635562196501e-05
26.5 0.00039106585839103757 3.367863128418852e-05 3.4260307882159465e-05
26.75 0.0003791521118738866 3.113120445544108e-05 3.157835611167893e-05
27.0 0.0003676713954791571 2.8775668267797613e-05 2.9103495557405145e-05
27.25 0.0003566053508431826 2.6597642224038144e-05 2.681998736017541e-05
27.5 0.0003459365108129277 2.4583816502713672e-05 2.471326649618754e-05
27.75 0.00033564825065515415 2.2721872918792335e-05 2.2769856217016126e-05
28.0 0.00032572474223979876 2.100041165262944e-05 2.0977288547407704e-05
28.25 0.0003161509109978639 1.9408883332992355e-05 1.9324030428250136e-05
28.5 0.00030691239546874077 1.7937526088927865e-05 1.779941511869445e-05
28.75 0.0002979955092653671 1.6577307212351777e-05 1.6393578496423386e-05
29.0 0.0002893872052980355 1.531986909849431e-05 1.5097399918590202e-05
29.25 0.0002810750421090963 1.4157479154868545e-05 1.3902447328066184e-05
29.5 0.0002730471521813684 1.3082983391349154e-05 1.2800926310408882e-05
29.75 0.0002652922120927811 1.208976342436561e-05 1.1785632826468856e-05
30.0 0.00025779941439877573 1.1171696647220361e-05 1.0849909363852929e-05
30.25 0.0002505584411322832 1.0323119336234334e-05 9.987604267627895e-06
30.5 0.00024355943881877436 9.538792478886122e-06 9.193034026738448e-06
30.75 0.00023679299491095784 8.813870125426282e-06 8.460948307689263e-06
31.0 0.000230250115554276 8.143870079695481e-06 7.786497541160725e-06
31.25 0.00022392220460040697 7.524646758122102e-06 7.165202880444669e-06
31.5 0.00021780104379161584 6.9523660581919665e-06 6.592928362954516e-06
31.75 0.00021187877404399693 6.423482089132148e-06 6.06585511763195e-06
32.0 0.00020614787776248203 5.93471562819065e-06 5.580457471887956e-06
32.25 0.00020060116212496334 5.4830341757807635e-06 5.133480821824234e-06
32.5 0.00019523174327703546 5.065633491944433e-06 4.72192113892462e-06
32.75 0.000190033031382717 4.679920505120279e-06 4.343005995225847e-06
33.0 0.000184998716480087 4.323497492126081e-06 3.994176997210684e-06
33.25 0.00018012275509410091 3.994147435623156e-06 3.6730735263509557e-06
33.5 0.00017539935756194492 3.6898204721611518e-06 3.377517691397069e-06
33.75 0.0001708229760291488 3.4086213502431827e-06 3.1055004041972858e-06
34.0 0.00016638829307737165 3.1487978237372576e-06 2.855168497064059e-06
34.25 0.00016209021094724173 2.90872991142191e-06 2.6248128055157076e-06
34.5 0.00015792384132196167 2.686919958522885e-06 2.4128571456362307e-06
34.75 0.00015388449563954353 2.481983440800105e-06 2.217848120340057e-06
35.0 0.00014996767590355219 2.2926404561067936e-06 2.038445693525691e-06
35.25 0.00014616906596410197 2.11770785238935e-06 1.87341447547573e-06
35.5 0.00014248452324260667 1.956091944849589e-06 1.7216156669310623e-06
35.75 0.0001389100708754139 1.8067817784715362e-06 1.581999613054919e-06
36.0 0.00013544189025297142 1.6688428953424741e-06 1.4535989220262308e-06
36.25 0.0001320763139325972 1.5414115691901357e-06 1.3355221062790178e-06
36.5 0.00012880981890425392 1.423689472332294e-06 1.2269477074518622e-06
36.75 0.00012563902018996562 1.314938742806496e-06 1.1271188689444068e-06
37.0 0.00012256066475867486 1.2144774218313829e-06 1.0353383226107473e-06
37.25 0.00011957162573942371 1.1216752339603097e-06 9.50963758565867e-07
37.5 0.00011666889691675591 1.0359496843352208e-06 8.734035493540384e-07
37.75 0.00011384958749318225 9.56762449346061e-07 8.021128018389121e-07
38.0 0.00011111091710445047 8.836160387588129e-07 7.365897121349667e-07
38.25 0.00010845021107417476 8.160507090039764e-07 6.763722007197793e-07
38.5 0.00010586489589518322 7.536416088262219e-07 6.210348065554322e-07
38.75 0.00010335249492564717 6.959961398936601e-07 5.701858206149074e-07
39.0 0.00010091062428876072 6.427515162599113e-07 5.23464640663458e-07
39.25 9.853698896536904e-05 5.935725077714071e-07 4.80539330494014e-07
39.5 9.622937906955194e-05 5.481493536229413e-07 4.411043680668721e-07
39.75 9.398566629773257e-05 5.061958332931199e-07 4.048785681640521e-07
40.0 9.180380054240933e-05 4.674474830438067e-07 3.7160316624437945e-07
40.25 8.968180666211483e-05 4.316599470496279e-07 3.410400511823796e-07
40.5 8.761778139966364e-05 3.986074530402607e-07 3.129701354981501e-07
40.75 8.56098904411992e-05 3.680814030942715e-07 2.87191852541597e-07
41.0 8.36563656089562e-05 3.3988907092324873e-07 2.635197708877126e-07
41.25 8.175550218105129e-05 3.138523976329925e-07 2.417833169344093e-07
41.5 7.990565633197202e-05 2.8980687854832564e-07 2.2182559737494709e-07
41.75 7.810524268778408e-05 2.6760053424336127e-07 2.0350231384721137e-07
42.0 7.635273199039804e-05 2.47092959432956e-07 1.8668076264553896e-07
42.25 7.46466488655417e-05 2.2815444385673125e-07 1.7123891292092827e-07
42.5 7.29855696893704e-05 2.1066515972726607e-07 1.5706455729535162e-07
42.75 7.136812054891971e-05 1.9451441072142624e-07 1.440545292785171e-07
43.0 6.979297529185625e-05 1.7959993787081284e-07 1.3211398230348902e-07
43.25 6.825885366122795e-05 1.6582727805614452e-07 1.2115572559355763e-07
43.5 6.67645195111329e-05 1.531091711331867e-07 1.1109961243907592e-07
43.75 6.530877909944801e-05 1.4136501201651207e-07 1.018719768017463e-07
44.0 6.389047945395489e-05 1.3052034432370585e-07 9.340511447713356e-08
44.25 6.25085068083904e-05 1.2050639243828312e-07 8.563680533583517e-08
44.5 6.116178510512938e-05 1.1125962908611756e-07 7.850987343152429e-08
44.75 5.9849274561378545e-05 1.0272137573896606e-07 7.197178201161095e-08
45.0 5.85699702959152e-05 9.483743336109643e-08 6.597426069502595e-08
45.25 5.7322901013559983e-05 8.755774120224497e-08 6.047296229304075e-08
45.5 5.610712774471232e-05 8.083606151331824e-08 5.542714694436187e-08
45.75 5.492174263741528e-05 7.462968822144557e-08 5.079939141619929e-08
46.0 5.376586779953929e-05 6.889917774914043e-08 4.655532158969984e-08
46.25 5.263865418879941e-05 6.360810029936593e-08 4.2663366302093256e-08
46.5 5.15392805484309e-05 5.872281005502646e-08 3.9094530860088884e-08
46.75 5.0466952386459526e-05 5.421223285861013e-08 3.582218867034356e-08
47.0 4.942090099659972e-05 5.004767004609575e-08 3.2821889554038324e-08
47.25 4.840038251891616e-05 4.620261720946527e-08 3.00711834245046e-08
47.5 4.740467703847094e-05 4.2652596754846416e-08 2.7549458110127575e-08
47.75 4.6433087720268624e-05 3.937500320901714e-08 2.523779020008714e-08
48.0 4.548493997888884e-05 3.634896030624442e-08 2.3118807878468128e-08
48.25 4.4559580681281066e-05 3.355518896070772e-08 2.117656479344954e-08
48.5 4.3656377381261105e-05 3.097588529750172e-08 1.939642408317428e-08
48.75 4.2774717584325505e-05 2.8594607977850942e-08 1.776495174899163e-08
49.0 4.191400804146285e-05 2.6396174112081017e-08 1.626981863049531e-08
49.25 4.1073674070704424e-05 2.436656310742735e-08 1.4899710295557805e-08
49.5 4.025315890521583e-05 2.2492827847260603e-08 1.3644244212767066e-08
49.75 3.945192306678853e-05 2.0763012644063302e-08 1.2493893623655003e-08
50.0 3.8669443763643554e-05 1.916607745079152e-08 1.1439917578193448e-08
50.25 3.790521431150833e-05 1.7691827854356796e-08 1.0474296639518011e-08
50.5 3.715874357698077e-05 1.6330850411109103e-08 9.589673803004714e-09
50.75 3.6429555442233826e-05 1.507445291760982e-08 8.779300210923655e-09
51.0 3.571718829016446e-05 1.3914609240868063e-08 8.036985277161444e-09
51.25 3.502119450912654e-05 1.284390836075823e-08 7.35705086716329e-09
51.5 3.4341140016428724e-05 1.185550730371842e-08 6.734289206494338e-09
51.75 3.3676603799817945e-05 1.0943087671216421e-08 6.163924217447927e-09
52.0 3.302717747619955e-05 1.0100815489007223e-08 5.641576007105804e-09
52.25 3.239246486688334e-05 9.323304124034635e-09 5.163228252341953e-09
52.5 3.1772081588676096e-05 8.605580035081624e-09 4.725198247606843e-09
52.75 3.1165654660168365e-05 7.943051141064548e-09 4.324109400064022e-09
53.0 3.057282212259711e-05 7.331477607307269e-09 3.956865973905849e-09
53.25 2.9993232674691118e-05 6.766944865326268e-09 3.620629901562272e-09
53.5 2.9426545320930165e-05 6.2458386956980785e-09 3.3127994941452824e-09
53.75 2.887242903267978e-05 5.764822216556234e-09 3.030989896938142e-09
54.0 2.8330562421680996e-05 5.320814632253981e-09 2.7730151481358713e-09
54.25 2.780063342540089e-05 4.910971607809034e-09 2.536871710454724e-09
54.5 2.7282339003771294e-05 4.5326671449841486e-09 2.320723355730585e-09
54.75 2.677538484686143e-05 4.183476845316426e-09 2.1228872922919595e-09
55.0 2.6279485093052353e-05 3.861162454149535e-09 1.941821433787424e-09
55.25 2.5794362057297965e-05 3.563657587799013e-09 1.7761127163314777e-09
55.5 2.5319745969076518e-05 3.2890545534424942e-09 1.6244663783623992e-09
55.75 2.4855374719652577e-05 3.035592178221513e-09 1.4856961245327566e-09
56.0 2.440099361828565e-05 2.8016445704114257e-09 1.3587151013257372e-09
56.25 2.3956355157039e-05 2.5857107414008045e-09 1.2425276179514692e-09
56.5 2.352121878385311e-05 2.3864050226592744e-09 1.136221551468557e-09
56.75 2.3095350683566975e-05 2.2024482168959778e-09 1.038961380033769e-09
57.0 2.2678523566579684e-05 2.0326594272514005e-09 9.499817927419556e-10
57.25 2.2270516464860833e-05 1.8759485126529267e-09 8.685818287103465e-10
57.5 2.1871114535027822e-05 1.7313091214249734e-09 7.941195019158302e-10
57.75 2.148010886822216e-05 1.5978122589036832e-09 7.260068718373857e-10
58.0 2.109729630652628e-05 1.4746003481859877e-09 6.637055232133183e-10
58.25 2.072247926567401e-05 1.360881746265482e-09 6.067224212174373e-10
58.5 2.035546556381774e-05 1.255925680691872e-09 5.546061111104714e-10
58.75 1.99960682561246e-05 1.1590575745550442e-09 5.069432339525521e-10
59.0 1.964410547498447e-05 1.06965473005614e-09 4.6335533228719443e-10
59.25 1.9299400275620154e-05 9.87142343201432e-10 4.234959218433043e-10
59.5 1.8961780486899147e-05 9.109898242546582e-10 3.870478072645274e-10
59.75 1.863107856715486e-05 8.407074005233058e-10 3.5372062167860565e-10
60.0 1.8307131464832387e-05 7.758429798459688e-10 3.23248571576217e-10
60.25 1.7989780483781394e-05 7.15979254802687e-10 2.9538836999065847e-10
60.5 1.7678871153026627e-05 6.607310291988111e-10 2.699173423679068e-10
60.75 1.737425310085123e-05 6.097427497846216e-10 2.4663169080058876e-10
61.0 1.707577993303781e-05 5.626862274769573e-10 2.2534490347883114e-10
61.25 1.6783309115115088e-05 5.192585335533435e-10 2.0588629729404658e-10
61.5 1.649670185846614e-05 4.791800574014905e-10 1.8809968252633036e-10
61.75 1.6215823010158914e-05 4.421927134343216e-10 1.7184213945943087e-10
62.0 1.594054094636583e-05 4.0805828572941836e-10 1.56982897605801e-10
62.25 1.5670727469243567e-05 3.765568998280772e-10 1.434023089941612e-10
62.5 1.540625770715005e-05 3.4748561193840594e-10 1.3099090767873343e-10
62.75 1.5147010018080101e-05 3.2065710653422015e-10 1.1964854827815317e-10
63.0 1.4892865896205553e-05 2.958984940317438e-10 1.0928361694759874e-10
63.25 1.4643709881410467e-05 2.7305020086351847e-10 9.981230873429797e-11
63.5 1.4399429471715905e-05 2.5196494485753213e-10 9.115796576825654e-11
63.75 1.4159915038493156e-05 2.3250678937322002e-10 8.325047120044786e-11
64.0 1.3925059744367937e-05 2.1455027014795212e-10 7.60256942232043e-11
64.25 1.3694759463721447e-05 1.9797958927122313e-10 6.94249818952111e-11
64.5 1.3468912705698556e-05 1.8268787113180775e-10 6.3394693849225e-11
64.75 1.3247420539636445e-05 1.6857647557849953e-10 5.788577628697646e-11
65.0 1.3030186522829428e-05 1.5555436390004128e-10 5.2853371965117895e-11
65.25 1.2817116630550562e-05 1.4353751356698046e-10 4.8256463150729514e-11
65.5 1.260811918825198e-05 1.324483779894099e-10 4.4057544776829765e-11
65.75 1.2403104805869942e-05 1.2221538783199211e-10 4.02223252594213e-11
66.0 1.2201986314162604e-05 1.1277249069306173e-10 3.671945264954276e-11
66.25 1.2004678703011558e-05 1.0405872619964454e-10 3.3520263988172495e-11
66.5 1.1811099061620722e-05 9.601783379653047e-11 3.0598555910085445e-11
66.75 1.1621166520548831e-05 8.859789071645838e-11 2.793037470621382e-11
67.0 1.1434802195513037e-05 8.175097781140154e-11 2.549382420394487e-11
67.25 1.1251929132905128e-05 7.543287110305785e-11 2.3268889962211782e-11
67.5 1.1072472256962552e-05 6.960275707513031e-11 2.1237278404215476e-11
67.75 1.0896358318539331e-05 6.42229698818378e-11 1.9382269626129708e-11
68.0 1.072351584542366e-05 5.925874878730125e-11 1.7688582726011888e-11
68.25 1.0553875094150742e-05 5.467801427991292e-11 1.6142252594211254e-11
68.5 1.0387368003261982e-05 5.04511614253202e-11 1.4730517195518282e-11
68.75 1.0223928147962357e-05 4.655086913200428e-11 1.3441714454843131e-11
69.0 1.0063490696130428e-05 4.295192410532608e-11 1.2265187932936591e-11
69.25 9.905992365636657e-06 3.96310583599792e-11 1.1191200547147911e-11
69.5 9.751371382927178e-06 3.6566799247632126e-11 1.0210855654971555e-11
69.75 9.599567442832227e-06 3.373933103672918e-11 9.316024875639466e-12
70.0 9.450521669558985e-06 3.1130367155444e-11 8.499282077701958e-12
70.25 9.304176578831202e-06 2.8723032277119235e-11 7.753843008816707e-12
70.5 9.160476041137852e-06 2.6501753490625032e-11 7.073510088192626e-12
70.75 9.019365246055908e-06 2.4452159856315277e-11 6.4526219226490945e-12
71.0 8.880790667612367e-06 2.256098970203944e-11 5.8860071443693475e-12
71.25 8.744700030652384e-06 2.0816005063309696e-11 5.36894220242205e-12
71.5 8.611042278181725e-06 1.920591271755768e-11 4.897112771265346e-12
71.75 8.47976753965205e-06 1.7720291304725322e-11 4.466578467969153e-12
72.0 8.350827100159837e-06 1.6349524065492148e-11 4.073740596010511e-12
72.25 8.224173370529543e-06 1.508473676450172e-11 3.7153126574189326e-12
72.5 8.099759858253387e-06 1.3917740399236926e-11 3.388293396953364e-12
72.75 7.977541139260863e-06 1.2840978325920958e-11 3.0899421620505777e-12
73.0 7.85747283049203e-06 1.1847477462189559e-11 2.8177563806513535e-12
73.25 7.739511563249286e-06 1.0930803252465933e-11 2.5694509758265448e-12
73.5 7.623614957303613e-06 1.0085018106141458e-11 2.3429395515203974e-12
73.75 7.509741595731892e-06 9.304643040981492e-12 2.1363171978229854e-12
74.0 7.39785100046234e-06 8.584622284772693e-12 1.9478447770863137e-12
74.25 7.287903608506541e-06 7.920290607243887e-12 1.7759345640088244e-12
74.5 7.179860748856965e-06 7.307343171843224e-12 1.6191371236244823e-12
74.75 7.073684620029132e-06 6.7418077131575e-12 1.4761293210272891e-12
75.0 6.969338268229165e-06 6.220018860714899e-12 1.345703365718298e-12
75.25 6.8667855661274535e-06 5.738594443716962e-12 1.2267568017507444e-12
75.5 6.765991192219799e-06 5.2944136239892494e-12 1.1182833624336528e-12
75.75 6.666920610758557e-06 4.884596716202556e-12 1.01936461529506e-12
76.0 6.569540052236359e-06 4.506486565273336e-12 9.291623293576509e-13
76.25 6.473816494405519e-06 4.157631360874307e-12 8.469115025905435e-13
76.5 6.379717643817522e-06 3.835768778236639e-12 7.719139927184223e-13
76.75 6.287211917866321e-06 3.5388113429630448e-12 7.035326994337824e-13
77.0 6.19626842732103e-06 3.264832925452835e-12 6.411862505085133e-13
77.25 6.106856959332811e-06 3.012056277814012e-12 5.843441483723946e-13
77.5 6.018947960902352e-06 2.778841532852153e-12 5.325223374505025e-13
77.75 5.932512522793733e-06 2.563675590922815e-12 4.852791559580387e-13
78.0 5.847522363881977e-06 2.365162326154663e-12 4.422116389672916e-13
78.25 5.763949815921163e-06 2.182013548830123e-12 4.029521424113041e-13
78.5 5.681767808720666e-06 2.013040665583125e-12 3.671652602954011e-13
78.75 5.600949855717912e-06 1.857146983571465e-12 3.3454500977147394e-13
79.0 5.521470039935498e-06 1.7133206089325111e-12 3.048122609099094e-13
79.25 5.4433030003118995e-06 1.580627893662212e-12 2.7771238999737096e-13
79.5 5.366423918394737e-06 1.4582073885938886e-12 2.530131370115244e-13
79.75 5.290808505385806e-06 1.3452642634170274e-12 2.3050264959039514e-13
80.0 5.2164329895281935e-06 1.2410651576884943e-12 2.0998769733793978e-13
80.25 5.143274103825037e-06 1.1449334295689885e-12 1.9129204170061833e-13
80.5 5.071309074080825e-06 1.0562447715833487e-12 1.7425494792341454e-13
80.75 5.000515607255535e-06 9.74423165071652e-13 1.5872982675819193e-13
81.0 4.930871880123166e-06 8.989371471835543e-13 1.445829946616436e-13
81.25 4.862356528225298e-06 8.292963662856459e-13 1.3169254219306756e-13
81.5 4.794948635111893e-06 7.650484035132566e-13 1.1994730121153156e-13
81.75 4.7286277218607074e-06 7.057758399162427e-13 1.092459022848584e-13
82.0 4.663373736867648e-06 6.510935502340792e-13 9.94959144657598e-14
82.25 4.599167045900318e-06 6.006462057990105e-13 9.061306026942852e-14
82.5 4.535988422407347e-06 5.541059704165432e-13 8.252049930739591e-14
82.75 4.473819038076218e-06 5.111703743190868e-13 7.514817459945757e-14
83.0 4.4126404536327065e-06 4.715603524388603e-13 6.843221610365257e-14
83.25 4.352434609875179e-06 4.350184343077335e-13 6.231439647770284e-14
83.5 4.293183818937017e-06 4.013070738714694e-13 5.674163451792827e-14
83.75 4.234870755771006e-06 3.7020710840993134e-13 5.166554211690915e-14
84.0 4.177478449849406e-06 3.415163365892743e-13 4.704201094226036e-14
84.25 4.1209902770737065e-06 3.150482064421223e-13 4.283083536879761e-14
84.5 4.065389951888297e-06 2.906306047824085e-13 3.899536849775435e-14
84.75 4.010661519592509e-06 2.681047402173466e-13 3.5502208372011e-14
85.0 3.956789348845314e-06 2.4732411252417423e-13 3.232091174779208e-14
85.25 3.9037581243577096e-06 2.281535617178381e-13 2.942373301299664e-14
85.5 3.851552839767364e-06 2.104683906511882e-13 2.6785386052135558e-14
85.75 3.8001587906907527e-06 1.9415355546484711e-13 2.4382827049485653e-14
86.0 3.74956156794781e-06 1.7910291864286414e-13 2.2195056397086664e-14
86.25 3.699747050954418e-06 1.6521855983529734e-13 2.0202938034035214e-14
86.5 3.650701401278294e-06 1.52410139982622e-13 1.838903468950274e-14
86.75 3.6024110563536793e-06 1.405943146218111e-13 1.6737457635187863e-14
87.0 3.554862723350695e-06 1.2969419257220807e-13 1.5233729674630652e-14
87.25 3.5080433731950478e-06 1.1963883649304856e-13 1.3864660207953169e-14
87.5 3.4619402347342733e-06 1.1036280207551403e-13 1.2618231312060952e-14
87.75 3.416540789046288e-06 1.0180571288233043e-13 1.1483493868991592e-14
88.0 3.3718327638866893e-06 9.391186807872598e-14 1.0450472859681424e-14
88.25 3.3278041282710127e-06 8.662988051153121e-14 9.510081017642341e-15
88.5 3.28444308718831e-06 7.991234278974996e-14 8.654040107537995e-15
88.75 3.2417380764426783e-06 7.371551920128078e-14 7.874809158003276e-15
89.0 3.199677757619159e-06 6.799906146780937e-14 7.165519036793004e-15
89.25 3.158251013171015e-06 6.272574649432357e-14 6.519912809967334e-15
89.5 3.1174469416248472e-06 5.786123441219426e-14 5.932291375765222e-15
89.75 3.0772548529006902e-06 5.33738453462474e-14 5.397463908484572e-15
90.0 3.037664263744005e-06 4.9234353457588033e-14 4.910702688460917e-15
90.25 2.998664893266599e-06 4.541579692589265e-14 4.467701931441121e-15
90.5 2.9602466585936952e-06 4.1893302638187126e-14 4.064540264606759e-15
90.75 2.922399670614309e-06 3.864392444645927e-14 3.697646527487946e-15
91.0 2.885114229832279e-06 3.5646493944408857e-14 3.363768604284033e-15
91.25 2.8483808223154467e-06 3.288148279480472e-14 3.0599450199107566e-15
91.5 2.8121901157402206e-06 3.033087571380383e-14 2.7834790556355393e-15
91.75 2.7765329555292713e-06 2.7978053287694648e-14 2.5319151616434253e-15
92.0 2.741400361079874e-06 2.5807683861288778e-14 2.3030174634754693e-15
92.25 2.706783522080526e-06 2.3805623796016155e-14 2.094750177161685e-15
92.5 2.6726737949136706e-06 2.195882545006969e-14 1.905259764183388e-15
92.75 2.6390626991422784e-06 2.0255252283035117e-14 1.7328586722812427e-15
93.0 2.60594191407813e-06 1.8683800533658624e-14 1.5760105217011748e-15
93.25 2.573303275429714e-06 1.723422696205332e-14 1.4333166088530004e-15
93.5 2.541138772027793e-06 1.5897082186994197e-14 1.303503610653005e-15
93.75 2.509440542626602e-06 1.4663649185256505e-14 1.1854123831245197e-15
94.0 2.4782008727787287e-06 1.3525886553454849e-14 1.077987757227665e-15
94.25 2.447412191781956e-06 1.2476376163748206e-14 9.80269243460674e-16
94.5 2.417067069696079e-06 1.1508274873297427e-14 8.913825645917292e-16
94.75 2.3871582144281087e-06 1.0615269973674463e-14 8.105319430090141e-16
95.0 2.35767846888403e-06 9.791538090703602e-15 7.369930756779286e-16
95.25 2.3286208081854694e-06 9.031707267616737e-15 6.701067356225771e-16
95.5 2.299978336949696e-06 8.330821985073188e-15 6.09272944254724e-16
95.75 2.2717442866314005e-06 7.684310890666596e-15 5.539456638028964e-16
96.0 2.24391201292454e-06 7.087957028137065e-15 5.036279635886965e-16
96.25 2.2164749932230527e-06 6.537870372740923e-15 4.578676179957949e-16
96.5 2.189426824138729e-06 6.030462494210288e-15 4.162530977133212e-16
96.75 2.1627612190749225e-06 5.5624231825551e-15 3.784099192418525e-16
97.0 2.136472005854782e-06 5.13069888471072e-15 3.4399732075582874e-16
97.25 2.1105531244025778e-06 4.732472811800016e-15 3.127052352475015e-16
97.5 2.0849986244768737e-06 4.365146587632802e-15 2.842515344581904e-16
97.75 2.059802663454232e-06 4.026323319080906e-15 2.583795194555465e-16
98.0 2.0349595041622725e-06 3.713791978206478e-15 2.3485563585989254e-16
98.25 2.0104635127608476e-06 3.4255129945467633e-15 2.134673936775104e-16
98.5 1.9863091566701726e-06 3.159604963823818e-15 1.9402147348044625e-16
98.75 1.962491002544761e-06 2.914332386604031e-15 1.7634200229627818e-16
99.0 1.9390037142920893e-06 2.6880943571281655e-15 1.6026898405128814e-16
99.25 1.915842051134884e-06 2.4794141287090542e-15 1.4565687075935766e-16
99.5 1.8930008657159628e-06 2.2869294877935607e-15 1.3237326187808509e-16
99.75 1.8704751022446803e-06 2.109383874043154e-15 1.2029772037387157e-16
